00 00 00 00 00 00 00 80 00 00 00 00 00 00 00 80
00 00 00 00 00 00 00 80 0c 00 00 00 00 00 00 00
00 00 00 00 00 00 00 80 00 00 00 00 00 00 00 80
00 00 00 00 00 00 00 80 00 00 00 00 00 00 00 80
00 00 00 00 00 00 00 80 00 00 00 00 00 00 00 80
00 00 00 00 00 00 00 80 00 00 00 00 00 00 00 80
00 00 00 00 00 00 00 80 00 00 00 00 00 00 00 80
00 00 00 00 00 00 00 80 00 00 00 00 00 00 00 80
00 00 00 00 00 00 00 80 00 00 00 00 00 00 00 80
00 00 00 00 00 00 00 80 06 05 00 00 00 00 00 00
00 00 00 00 00 00 00 80 00 00 00 00 00 00 00 80
00 00 00 00 00 00 00 80 00 00 00 00 00 00 00 00
00 00 00 00 00 00 00 80 00 00 00 00 00 00 00 80
00 00 00 00 00 00 00 80 00 00 00 00 00 00 00 80
00 00 00 00 00 00 00 80 00 00 00 00 00 00 00 80
00 00 00 00 00 00 00 80 00 00 00 00 00 00 00 80
00 00 00 00 00 00 00 80 00 00 00 00 00 00 00 80
00 00 00 00 00 00 00 80 04 00 00 00 00 00 00 00
00 00 00 00 00 00 00 80 00 00 00 00 00 00 00 80
00 00 00 00 00 00 00 80 00 00 00 00 00 00 00 80
00 00 00 00 00 00 00 80 00 00 00 00 00 00 00 80
00 00 00 00 00 00 00 80 00 00 00 00 00 00 00 80
00 00 00 00 00 00 00 80 00 00 00 00 00 00 00 80
00 00 00 00 00 00 00 80 00 00 00 00 00 00 00 80
00 00 00 00 00 00 00 80 00 00 00 00 00 00 00 80
00 00 00 00 00 00 00 80 06 05 00 00 00 00 00 00
00 00 00 00 00 00 00 80 00 00 00 00 00 00 00 80
00 00 00 00 00 00 00 80 00 00 00 00 00 00 00 00
00 00 00 00 00 00 00 80 00 00 00 00 00 00 00 80
00 00 00 00 00 00 00 80 00 00 00 00 00 00 00 80
00 00 00 00 00 00 00 80 00 00 00 00 00 00 00 80
00 00 00 00 00 00 00 80 00 00 00 00 00 00 00 80
00 00 00 00 00 00 00 80 00 00 00 00 00 00 00 80
00 00 00 00 00 00 00 80 00 00 00 00 00 00 00 80
00 00 00 00 00 00 00 80 00 00 00 00 00 00 00 80
00 00 00 00 00 00 00 80 00 00 00 00 00 00 00 80
00 00 00 00 00 00 00 80 00 00 00 00 00 00 00 80
00 00 00 00 00 00 00 80 00 00 00 00 00 00 00 80
00 00 00 00 00 00 00 80 00 00 00 00 00 00 00 80
00 00 00 00 00 00 00 80 00 00 00 00 00 00 00 80
00 00 00 00 00 00 00 80 00 00 00 00 00 00 00 80
00 00 00 00 00 00 00 80 00 00 00 00 00 00 00 80
00 00 00 00 00 00 00 80 00 00 00 00 00 00 00 80
00 00 00 00 00 00 00 80 00 00 00 00 00 00 00 80
00 00 00 00 00 00 00 80 00 00 00 00 00 00 00 80
00 00 00 00 00 00 00 80 00 00 00 00 00 00 00 80
00 00 00 00 00 00 00 80 00 00 00 00 00 00 00 80
00 00 00 00 00 00 00 80 00 00 00 00 00 00 00 80
00 00 00 00 00 00 00 80 00 00 00 00 00 00 00 80
00 00 00 00 00 00 00 80 04 04 04 00 00 00 00 00
00 00 00 00 00 00 00 80 00 00 00 00 00 00 00 80
00 00 00 00 00 00 00 80 00 00 04 04 04 00 00 00
00 00 00 00 00 00 00 80 00 00 00 00 00 00 00 80
00 00 00 00 00 00 00 80 00 00 00 00 00 00 00 80
00 00 00 00 00 00 00 80 00 00 00 00 00 00 00 80
00 00 00 00 00 00 00 80 00 00 10 10 00 00 00 00
00 00 00 00 00 00 00 00 00 00 00 00 00 00 00 00
00 00 00 00 00 00 00 00 00 00 00 00 00 00 00 00
00 00 00 00 00 00 00 00 00 00 00 00 00 00 00 00
00 00 00 00 00 00 00 00 00 00 00 00 00 00 00 00
00 00 00 00 00 00 00 00 00 00 00 00 00 00 00 00
00 00 00 00 00 00 00 00 00 00 00 00 00 00 00 00
00 00 00 00 00 00 00 00 00 00 00 00 00 00 00 00
00 00 00 00 00 00 00 00 00 00 00 00 00 00 00 00
